# This file may be used to create an environment using:
# $ conda create --name <env> --file <this file>
# platform: linux-64
_libgcc_mutex=0.1=main
av=8.0.2=py37h82f89c2_0
blas=1.0=mkl
brotlipy=0.7.0=py37h8f50634_1000
bzip2=1.0.8=h516909a_2
ca-certificates=2020.7.22=0
certifi=2020.6.20=py37_0
cffi=1.14.0=py37he30daa8_1
chardet=3.0.4=py37hc8dfbb8_1006
cryptography=2.9.2=py37hb09aad4_0
cudatoolkit=10.2.89=hfd86e86_1
decorator=4.4.2=py_0
ffmpeg=4.2.3=h167e202_0
freetype=2.10.2=h5ab3b9f_0
gmp=6.2.0=he1b5a44_2
gnutls=3.6.13=h79a8f9a_0
idna=2.10=pyh9f0ad1d_0
imageio=2.9.0=py_0
imageio-ffmpeg=0.4.2=py_0
intel-openmp=2020.1=217
joblib=0.16.0=pypi_0
jpeg=9b=h024ee3a_2
lame=3.100=h14c3975_1001
ld_impl_linux-64=2.33.1=h53a641e_7
libedit=3.1.20191231=h7b6447c_0
libffi=3.3=he6710b0_2
libgcc-ng=9.1.0=hdf63c60_0
libgfortran-ng=7.3.0=hdf63c60_0
libiconv=1.15=h516909a_1006
libpng=1.6.37=hbc83047_0
libstdcxx-ng=9.1.0=hdf63c60_0
libtiff=4.1.0=h2733197_1
lz4-c=1.9.2=he6710b0_0
mkl=2020.1=217
mkl-service=2.3.0=py37he904b0f_0
mkl_fft=1.1.0=py37h23d657b_0
mkl_random=1.1.1=py37h0573a6f_0
moviepy=1.0.1=py_0
ncurses=6.2=he6710b0_1
nettle=3.4.1=h1bed415_1002
ninja=1.9.0=py37hfd86e86_0
numpy=1.18.5=py37ha1c710e_0
numpy-base=1.18.5=py37hde5b4d6_0
olefile=0.46=py37_0
openh264=2.1.1=h8b12597_0
openssl=1.1.1g=h7b6447c_0
pandas=1.0.5=pypi_0
pillow=7.1.2=py37hb39fc2d_0
pip=20.1.1=py37_1
proglog=0.1.9=py_0
pycparser=2.20=pyh9f0ad1d_2
pyopenssl=19.1.0=py_1
pysocks=1.7.1=py37hc8dfbb8_1
python=3.7.7=hcff3b4d_5
python_abi=3.7=1_cp37m
pytorch=1.5.0=py3.7_cuda10.2.89_cudnn7.6.5_0
pytz=2020.1=pypi_0
readline=8.0=h7b6447c_0
requests=2.24.0=pyh9f0ad1d_0
scikit-learn=0.23.1=pypi_0
scipy=1.5.0=py37h0b6359f_0
setuptools=47.3.1=py37_0
six=1.15.0=py_0
sklearn=0.0=pypi_0
slowfast=1.0=dev_0
sqlite=3.32.3=h62c20be_0
threadpoolctl=2.1.0=pypi_0
tk=8.6.10=hbc83047_0
torchvision=0.6.0=py37_cu102
tqdm=4.47.0=pyh9f0ad1d_0
urllib3=1.25.9=py_0
wheel=0.34.2=py37_0
x264=1!152.20180806=h14c3975_0
xz=5.2.5=h7b6447c_0
zlib=1.2.11=h7b6447c_3
zstd=1.4.4=h0b5b093_3
